-4.003410030831133781e+01
-3.995403210769471514e+01
-3.987396390707809246e+01
-3.979389570646146979e+01
-3.971382750584484711e+01
-3.963375930522822443e+01
-3.955369110461160176e+01
-3.947362290399497908e+01
-3.939355470337835641e+01
-3.931348650276173373e+01
-3.923341830214511106e+01
-3.915335010152848838e+01
-3.907328190091186570e+01
-3.899321370029524303e+01
-3.891314549967862035e+01
-3.883307729906199768e+01
-3.875300909844537500e+01
-3.867294089782875233e+01
-3.859287269721212965e+01
-3.851280449659550698e+01
-3.843273629597888430e+01
-3.835266809536226162e+01
-3.827259989474563895e+01
-3.819253169412901627e+01
-3.811246349351239360e+01
-3.803239529289577092e+01
-3.795232709227914825e+01
-3.787225889166252557e+01
-3.779219069104590289e+01
-3.771212249042928022e+01
-3.763205428981265754e+01
-3.755198608919603487e+01
-3.747191788857941219e+01
-3.739184968796278952e+01
-3.731178148734616684e+01
-3.723171328672954417e+01
-3.715164508611292149e+01
-3.707157688549629881e+01
-3.699150868487967614e+01
-3.691144048426305346e+01
-3.683137228364643079e+01
-3.675130408302980811e+01
-3.667123588241318544e+01
-3.659116768179656276e+01
-3.651109948117994008e+01
-3.643103128056331741e+01
-3.635096307994669473e+01
-3.627089487933007206e+01
-3.619082667871344938e+01
-3.611075847809682671e+01
-3.603069027748020403e+01
-3.595062207686358136e+01
-3.587055387624695868e+01
-3.579048567563033600e+01
-3.571041747501371333e+01
-3.563034927439709065e+01
-3.555028107378046798e+01
-3.547021287316384530e+01
-3.539014467254722263e+01
-3.531007647193059995e+01
-3.523000827131397727e+01
-3.514994007069735460e+01
-3.506987187008073192e+01
-3.498980366946410925e+01
-3.490973546884748657e+01
-3.482966726823086390e+01
-3.474959906761424122e+01
-3.466953086699761855e+01
-3.458946266638099587e+01
-3.450939446576437319e+01
-3.442932626514775052e+01
-3.434925806453112784e+01
-3.426918986391450517e+01
-3.418912166329788249e+01
-3.410905346268125982e+01
-3.402898526206463714e+01
-3.394891706144801446e+01
-3.386884886083139179e+01
-3.378878066021476911e+01
-3.370871245959814644e+01
-3.362864425898152376e+01
-3.354857605836490109e+01
-3.346850785774827841e+01
-3.338843965713165574e+01
-3.330837145651503306e+01
-3.322830325589841038e+01
-3.314823505528178771e+01
-3.306816685466516503e+01
-3.298809865404854236e+01
-3.290803045343191968e+01
-3.282796225281529701e+01
-3.274789405219867433e+01
-3.266782585158205165e+01
-3.258775765096542898e+01
-3.250768945034880630e+01
-3.242762124973218363e+01
-3.234755304911556095e+01
-3.226748484849893828e+01
-3.218741664788231560e+01
-3.210734844726569293e+01
-3.202728024664907025e+01
-3.194721204603244757e+01
-3.186714384541582490e+01
-3.178707564479920222e+01
-3.170700744418257955e+01
-3.162693924356595687e+01
-3.154687104294933420e+01
-3.146680284233271152e+01
-3.138673464171608884e+01
-3.130666644109946617e+01
-3.122659824048284349e+01
-3.114653003986622082e+01
-3.106646183924959814e+01
-3.098639363863297547e+01
-3.090632543801635279e+01
-3.082625723739973012e+01
-3.074618903678310744e+01
-3.066612083616648476e+01
-3.058605263554986209e+01
-3.050598443493323941e+01
-3.042591623431661674e+01
-3.034584803369999406e+01
-3.026577983308337139e+01
-3.018571163246674871e+01
-3.010564343185012603e+01
-3.002557523123350336e+01
-2.994550703061688068e+01
-2.986543883000025801e+01
-2.978537062938363533e+01
-2.970530242876701266e+01
-2.962523422815038998e+01
-2.954516602753376731e+01
-2.946509782691714463e+01
-2.938502962630052195e+01
-2.930496142568389928e+01
-2.922489322506727660e+01
-2.914482502445065393e+01
-2.906475682383403125e+01
-2.898468862321740858e+01
-2.890462042260078590e+01
-2.882455222198416322e+01
-2.874448402136754055e+01
-2.866441582075091787e+01
-2.858434762013429520e+01
-2.850427941951767252e+01
-2.842421121890104985e+01
-2.834414301828442717e+01
-2.826407481766780450e+01
-2.818400661705118182e+01
-2.810393841643455914e+01
-2.802387021581793647e+01
-2.794380201520131379e+01
-2.786373381458469112e+01
-2.778366561396806844e+01
-2.770359741335144577e+01
-2.762352921273482309e+01
-2.754346101211820041e+01
-2.746339281150157774e+01
-2.738332461088495506e+01
-2.730325641026833239e+01
-2.722318820965170971e+01
-2.714312000903508704e+01
-2.706305180841846436e+01
-2.698298360780184169e+01
-2.690291540718521901e+01
-2.682284720656859633e+01
-2.674277900595197366e+01
-2.666271080533535098e+01
-2.658264260471872831e+01
-2.650257440410210563e+01
-2.642250620348548296e+01
-2.634243800286886028e+01
-2.626236980225223760e+01
-2.618230160163561493e+01
-2.610223340101899225e+01
-2.602216520040236958e+01
-2.594209699978574690e+01
-2.586202879916912423e+01
-2.578196059855250155e+01
-2.570189239793587888e+01
-2.562182419731925620e+01
-2.554175599670263352e+01
-2.546168779608601085e+01
-2.538161959546938817e+01
-2.530155139485276550e+01
-2.522148319423614282e+01
-2.514141499361952015e+01
-2.506134679300289747e+01
-2.498127859238627479e+01
-2.490121039176965212e+01
-2.482114219115302944e+01
-2.474107399053640677e+01
-2.466100578991978409e+01
-2.458093758930316142e+01
-2.450086938868653874e+01
-2.442080118806991607e+01
-2.434073298745329339e+01
-2.426066478683667071e+01
-2.418059658622004804e+01
-2.410052838560342536e+01
-2.402046018498680269e+01
-2.394039198437018001e+01
-2.386032378375355734e+01
-2.378025558313693466e+01
-2.370018738252031198e+01
-2.362011918190368931e+01
-2.354005098128706663e+01
-2.345998278067044396e+01
-2.337991458005382128e+01
-2.329984637943719861e+01
-2.321977817882057593e+01
-2.313970997820395326e+01
-2.305964177758733058e+01
-2.297957357697070790e+01
-2.289950537635408523e+01
-2.281943717573746255e+01
-2.273936897512083988e+01
-2.265930077450421720e+01
-2.257923257388759453e+01
-2.249916437327097185e+01
-2.241909617265434917e+01
-2.233902797203772650e+01
-2.225895977142110382e+01
-2.217889157080448115e+01
-2.209882337018785847e+01
-2.201875516957123580e+01
-2.193868696895461312e+01
-2.185861876833799045e+01
-2.177855056772136777e+01
-2.169848236710474509e+01
-2.161841416648812242e+01
-2.153834596587149974e+01
-2.145827776525487707e+01
-2.137820956463825439e+01
-2.129814136402163172e+01
-2.121807316340500904e+01
-2.113800496278838636e+01
-2.105793676217176369e+01
-2.097786856155514101e+01
-2.089780036093851834e+01
-2.081773216032189566e+01
-2.073766395970527299e+01
-2.065759575908865031e+01
-2.057752755847202764e+01
-2.049745935785540496e+01
-2.041739115723878228e+01
-2.033732295662215961e+01
-2.025725475600553693e+01
-2.017718655538891426e+01
-2.009711835477229158e+01
-2.001705015415566891e+01
-1.993698195353904623e+01
-1.985691375292242355e+01
-1.977684555230580088e+01
-1.969677735168917820e+01
-1.961670915107255553e+01
-1.953664095045593285e+01
-1.945657274983931018e+01
-1.937650454922268750e+01
-1.929643634860606483e+01
-1.921636814798944215e+01
-1.913629994737281947e+01
-1.905623174675619680e+01
-1.897616354613957412e+01
-1.889609534552295145e+01
-1.881602714490632877e+01
-1.873595894428970610e+01
-1.865589074367308342e+01
-1.857582254305646074e+01
-1.849575434243983807e+01
-1.841568614182321539e+01
-1.833561794120659272e+01
-1.825554974058997004e+01
-1.817548153997334737e+01
-1.809541333935672469e+01
-1.801534513874010202e+01
-1.793527693812347934e+01
-1.785520873750685666e+01
-1.777514053689023399e+01
-1.769507233627361131e+01
-1.761500413565698864e+01
-1.753493593504036596e+01
-1.745486773442374329e+01
-1.737479953380712061e+01
-1.729473133319049793e+01
-1.721466313257387526e+01
-1.713459493195725258e+01
-1.705452673134062991e+01
-1.697445853072400723e+01
-1.689439033010738456e+01
-1.681432212949076188e+01
-1.673425392887413921e+01
-1.665418572825751653e+01
-1.657411752764089385e+01
-1.649404932702427118e+01
-1.641398112640764850e+01
-1.633391292579102583e+01
-1.625384472517440315e+01
-1.617377652455778048e+01
-1.609370832394115780e+01
-1.601364012332453512e+01
-1.593357192270791245e+01
-1.585350372209128977e+01
-1.577343552147466710e+01
-1.569336732085804442e+01
-1.561329912024142175e+01
-1.553323091962479907e+01
-1.545316271900817640e+01
-1.537309451839155372e+01
-1.529302631777493104e+01
-1.521295811715830837e+01
-1.513288991654168569e+01
-1.505282171592506302e+01
-1.497275351530844034e+01
-1.489268531469181767e+01
-1.481261711407519499e+01
-1.473254891345857231e+01
-1.465248071284194964e+01
-1.457241251222532696e+01
-1.449234431160870429e+01
-1.441227611099208161e+01
-1.433220791037545894e+01
-1.425213970975883626e+01
-1.417207150914221359e+01
-1.409200330852559091e+01
-1.401193510790896823e+01
-1.393186690729234556e+01
-1.385179870667572288e+01
-1.377173050605910021e+01
-1.369166230544247753e+01
-1.361159410482585486e+01
-1.353152590420923218e+01
-1.345145770359260950e+01
-1.337138950297598683e+01
-1.329132130235936415e+01
-1.321125310174274148e+01
-1.313118490112611880e+01
-1.305111670050949613e+01
-1.297104849989287345e+01
-1.289098029927625078e+01
-1.281091209865962810e+01
-1.273084389804300542e+01
-1.265077569742638275e+01
-1.257070749680976007e+01
-1.249063929619313740e+01
-1.241057109557651472e+01
-1.233050289495989205e+01
-1.225043469434326937e+01
-1.217036649372664669e+01
-1.209029829311002402e+01
-1.201023009249340134e+01
-1.193016189187677867e+01
-1.185009369126015599e+01
-1.177002549064353332e+01
-1.168995729002691064e+01
-1.160988908941028797e+01
-1.152982088879366529e+01
-1.144975268817704261e+01
-1.136968448756041994e+01
-1.128961628694379726e+01
-1.120954808632717459e+01
-1.112947988571055191e+01
-1.104941168509392924e+01
-1.096934348447730656e+01
-1.088927528386068388e+01
-1.080920708324406121e+01
-1.072913888262743853e+01
-1.064907068201081586e+01
-1.056900248139419318e+01
-1.048893428077757051e+01
-1.040886608016094783e+01
-1.032879787954432516e+01
-1.024872967892770248e+01
-1.016866147831107980e+01
-1.008859327769445713e+01
-1.000852507707783445e+01
-9.928456876461211777e+00
-9.848388675844589102e+00
-9.768320475227966426e+00
-9.688252274611343751e+00
-9.608184073994721075e+00
-9.528115873378098399e+00
-9.448047672761475724e+00
-9.367979472144853048e+00
-9.287911271528230372e+00
-9.207843070911607697e+00
-9.127774870294985021e+00
-9.047706669678362346e+00
-8.967638469061739670e+00
-8.887570268445116994e+00
-8.807502067828494319e+00
-8.727433867211871643e+00
-8.647365666595248967e+00
-8.567297465978626292e+00
-8.487229265362003616e+00
-8.407161064745380941e+00
-8.327092864128758265e+00
-8.247024663512135589e+00
-8.166956462895512914e+00
-8.086888262278890238e+00
-8.006820061662267562e+00
-7.926751861045644887e+00
-7.846683660429022211e+00
-7.766615459812399536e+00
-7.686547259195776860e+00
-7.606479058579154184e+00
-7.526410857962531509e+00
-7.446342657345908833e+00
-7.366274456729286157e+00
-7.286206256112663482e+00
-7.206138055496040806e+00
-7.126069854879418131e+00
-7.046001654262795455e+00
-6.965933453646172779e+00
-6.885865253029550104e+00
-6.805797052412927428e+00
-6.725728851796304752e+00
-6.645660651179682077e+00
-6.565592450563059401e+00
-6.485524249946436726e+00
-6.405456049329814050e+00
-6.325387848713191374e+00
-6.245319648096568699e+00
-6.165251447479946023e+00
-6.085183246863323347e+00
-6.005115046246700672e+00
-5.925046845630077996e+00
-5.844978645013455321e+00
-5.764910444396832645e+00
-5.684842243780209969e+00
-5.604774043163587294e+00
-5.524705842546964618e+00
-5.444637641930341942e+00
-5.364569441313719267e+00
-5.284501240697096591e+00
-5.204433040080473916e+00
-5.124364839463851240e+00
-5.044296638847228564e+00
-4.964228438230605889e+00
-4.884160237613983213e+00
-4.804092036997360537e+00
-4.724023836380737862e+00
-4.643955635764115186e+00
-4.563887435147492511e+00
-4.483819234530869835e+00
-4.403751033914247159e+00
-4.323682833297624484e+00
-4.243614632681001808e+00
-4.163546432064379132e+00
-4.083478231447756457e+00
-4.003410030831133781e+00
-3.923341830214511106e+00
-3.843273629597888430e+00
-3.763205428981265754e+00
-3.683137228364643079e+00
-3.603069027748020403e+00
-3.523000827131397727e+00
-3.442932626514775052e+00
-3.362864425898152376e+00
-3.282796225281529701e+00
-3.202728024664907025e+00
-3.122659824048284349e+00
-3.042591623431661674e+00
-2.962523422815038998e+00
-2.882455222198416322e+00
-2.802387021581793647e+00
-2.722318820965170971e+00
-2.642250620348548296e+00
-2.562182419731925620e+00
-2.482114219115302944e+00
-2.402046018498680269e+00
-2.321977817882057593e+00
-2.241909617265434917e+00
-2.161841416648812242e+00
-2.081773216032189566e+00
-2.001705015415566891e+00
-1.921636814798944215e+00
-1.841568614182321539e+00
-1.761500413565698864e+00
-1.681432212949076188e+00
-1.601364012332453512e+00
-1.521295811715830837e+00
-1.441227611099208161e+00
-1.361159410482585486e+00
-1.281091209865962810e+00
-1.201023009249340134e+00
-1.120954808632717459e+00
-1.040886608016094783e+00
-9.608184073994721075e-01
-8.807502067828494319e-01
-8.006820061662267562e-01
-7.206138055496040806e-01
-6.405456049329814050e-01
-5.604774043163587294e-01
-4.804092036997360537e-01
-4.003410030831133781e-01
-3.202728024664907025e-01
-2.402046018498680269e-01
-1.601364012332453512e-01
-8.006820061662267562e-02
0.000000000000000000e+00
8.006820061662267562e-02
1.601364012332453512e-01
2.402046018498680269e-01
3.202728024664907025e-01
4.003410030831133781e-01
4.804092036997360537e-01
5.604774043163587294e-01
6.405456049329814050e-01
7.206138055496040806e-01
8.006820061662267562e-01
8.807502067828494319e-01
9.608184073994721075e-01
1.040886608016094783e+00
1.120954808632717459e+00
1.201023009249340134e+00
1.281091209865962810e+00
1.361159410482585486e+00
1.441227611099208161e+00
1.521295811715830837e+00
1.601364012332453512e+00
1.681432212949076188e+00
1.761500413565698864e+00
1.841568614182321539e+00
1.921636814798944215e+00
2.001705015415566891e+00
2.081773216032189566e+00
2.161841416648812242e+00
2.241909617265434917e+00
2.321977817882057593e+00
2.402046018498680269e+00
2.482114219115302944e+00
2.562182419731925620e+00
2.642250620348548296e+00
2.722318820965170971e+00
2.802387021581793647e+00
2.882455222198416322e+00
2.962523422815038998e+00
3.042591623431661674e+00
3.122659824048284349e+00
3.202728024664907025e+00
3.282796225281529701e+00
3.362864425898152376e+00
3.442932626514775052e+00
3.523000827131397727e+00
3.603069027748020403e+00
3.683137228364643079e+00
3.763205428981265754e+00
3.843273629597888430e+00
3.923341830214511106e+00
4.003410030831133781e+00
4.083478231447756457e+00
4.163546432064379132e+00
4.243614632681001808e+00
4.323682833297624484e+00
4.403751033914247159e+00
4.483819234530869835e+00
4.563887435147492511e+00
4.643955635764115186e+00
4.724023836380737862e+00
4.804092036997360537e+00
4.884160237613983213e+00
4.964228438230605889e+00
5.044296638847228564e+00
5.124364839463851240e+00
5.204433040080473916e+00
5.284501240697096591e+00
5.364569441313719267e+00
5.444637641930341942e+00
5.524705842546964618e+00
5.604774043163587294e+00
5.684842243780209969e+00
5.764910444396832645e+00
5.844978645013455321e+00
5.925046845630077996e+00
6.005115046246700672e+00
6.085183246863323347e+00
6.165251447479946023e+00
6.245319648096568699e+00
6.325387848713191374e+00
6.405456049329814050e+00
6.485524249946436726e+00
6.565592450563059401e+00
6.645660651179682077e+00
6.725728851796304752e+00
6.805797052412927428e+00
6.885865253029550104e+00
6.965933453646172779e+00
7.046001654262795455e+00
7.126069854879418131e+00
7.206138055496040806e+00
7.286206256112663482e+00
7.366274456729286157e+00
7.446342657345908833e+00
7.526410857962531509e+00
7.606479058579154184e+00
7.686547259195776860e+00
7.766615459812399536e+00
7.846683660429022211e+00
7.926751861045644887e+00
8.006820061662267562e+00
8.086888262278890238e+00
8.166956462895512914e+00
8.247024663512135589e+00
8.327092864128758265e+00
8.407161064745380941e+00
8.487229265362003616e+00
8.567297465978626292e+00
8.647365666595248967e+00
8.727433867211871643e+00
8.807502067828494319e+00
8.887570268445116994e+00
8.967638469061739670e+00
9.047706669678362346e+00
9.127774870294985021e+00
9.207843070911607697e+00
9.287911271528230372e+00
9.367979472144853048e+00
9.448047672761475724e+00
9.528115873378098399e+00
9.608184073994721075e+00
9.688252274611343751e+00
9.768320475227966426e+00
9.848388675844589102e+00
9.928456876461211777e+00
1.000852507707783445e+01
1.008859327769445713e+01
1.016866147831107980e+01
1.024872967892770248e+01
1.032879787954432516e+01
1.040886608016094783e+01
1.048893428077757051e+01
1.056900248139419318e+01
1.064907068201081586e+01
1.072913888262743853e+01
1.080920708324406121e+01
1.088927528386068388e+01
1.096934348447730656e+01
1.104941168509392924e+01
1.112947988571055191e+01
1.120954808632717459e+01
1.128961628694379726e+01
1.136968448756041994e+01
1.144975268817704261e+01
1.152982088879366529e+01
1.160988908941028797e+01
1.168995729002691064e+01
1.177002549064353332e+01
1.185009369126015599e+01
1.193016189187677867e+01
1.201023009249340134e+01
1.209029829311002402e+01
1.217036649372664669e+01
1.225043469434326937e+01
1.233050289495989205e+01
1.241057109557651472e+01
1.249063929619313740e+01
1.257070749680976007e+01
1.265077569742638275e+01
1.273084389804300542e+01
1.281091209865962810e+01
1.289098029927625078e+01
1.297104849989287345e+01
1.305111670050949613e+01
1.313118490112611880e+01
1.321125310174274148e+01
1.329132130235936415e+01
1.337138950297598683e+01
1.345145770359260950e+01
1.353152590420923218e+01
1.361159410482585486e+01
1.369166230544247753e+01
1.377173050605910021e+01
1.385179870667572288e+01
1.393186690729234556e+01
1.401193510790896823e+01
1.409200330852559091e+01
1.417207150914221359e+01
1.425213970975883626e+01
1.433220791037545894e+01
1.441227611099208161e+01
1.449234431160870429e+01
1.457241251222532696e+01
1.465248071284194964e+01
1.473254891345857231e+01
1.481261711407519499e+01
1.489268531469181767e+01
1.497275351530844034e+01
1.505282171592506302e+01
1.513288991654168569e+01
1.521295811715830837e+01
1.529302631777493104e+01
1.537309451839155372e+01
1.545316271900817640e+01
1.553323091962479907e+01
1.561329912024142175e+01
1.569336732085804442e+01
1.577343552147466710e+01
1.585350372209128977e+01
1.593357192270791245e+01
1.601364012332453512e+01
1.609370832394115780e+01
1.617377652455778048e+01
1.625384472517440315e+01
1.633391292579102583e+01
1.641398112640764850e+01
1.649404932702427118e+01
1.657411752764089385e+01
1.665418572825751653e+01
1.673425392887413921e+01
1.681432212949076188e+01
1.689439033010738456e+01
1.697445853072400723e+01
1.705452673134062991e+01
1.713459493195725258e+01
1.721466313257387526e+01
1.729473133319049793e+01
1.737479953380712061e+01
1.745486773442374329e+01
1.753493593504036596e+01
1.761500413565698864e+01
1.769507233627361131e+01
1.777514053689023399e+01
1.785520873750685666e+01
1.793527693812347934e+01
1.801534513874010202e+01
1.809541333935672469e+01
1.817548153997334737e+01
1.825554974058997004e+01
1.833561794120659272e+01
1.841568614182321539e+01
1.849575434243983807e+01
1.857582254305646074e+01
1.865589074367308342e+01
1.873595894428970610e+01
1.881602714490632877e+01
1.889609534552295145e+01
1.897616354613957412e+01
1.905623174675619680e+01
1.913629994737281947e+01
1.921636814798944215e+01
1.929643634860606483e+01
1.937650454922268750e+01
1.945657274983931018e+01
1.953664095045593285e+01
1.961670915107255553e+01
1.969677735168917820e+01
1.977684555230580088e+01
1.985691375292242355e+01
1.993698195353904623e+01
2.001705015415566891e+01
2.009711835477229158e+01
2.017718655538891426e+01
2.025725475600553693e+01
2.033732295662215961e+01
2.041739115723878228e+01
2.049745935785540496e+01
2.057752755847202764e+01
2.065759575908865031e+01
2.073766395970527299e+01
2.081773216032189566e+01
2.089780036093851834e+01
2.097786856155514101e+01
2.105793676217176369e+01
2.113800496278838636e+01
2.121807316340500904e+01
2.129814136402163172e+01
2.137820956463825439e+01
2.145827776525487707e+01
2.153834596587149974e+01
2.161841416648812242e+01
2.169848236710474509e+01
2.177855056772136777e+01
2.185861876833799045e+01
2.193868696895461312e+01
2.201875516957123580e+01
2.209882337018785847e+01
2.217889157080448115e+01
2.225895977142110382e+01
2.233902797203772650e+01
2.241909617265434917e+01
2.249916437327097185e+01
2.257923257388759453e+01
2.265930077450421720e+01
2.273936897512083988e+01
2.281943717573746255e+01
2.289950537635408523e+01
2.297957357697070790e+01
2.305964177758733058e+01
2.313970997820395326e+01
2.321977817882057593e+01
2.329984637943719861e+01
2.337991458005382128e+01
2.345998278067044396e+01
2.354005098128706663e+01
2.362011918190368931e+01
2.370018738252031198e+01
2.378025558313693466e+01
2.386032378375355734e+01
2.394039198437018001e+01
2.402046018498680269e+01
2.410052838560342536e+01
2.418059658622004804e+01
2.426066478683667071e+01
2.434073298745329339e+01
2.442080118806991607e+01
2.450086938868653874e+01
2.458093758930316142e+01
2.466100578991978409e+01
2.474107399053640677e+01
2.482114219115302944e+01
2.490121039176965212e+01
2.498127859238627479e+01
2.506134679300289747e+01
2.514141499361952015e+01
2.522148319423614282e+01
2.530155139485276550e+01
2.538161959546938817e+01
2.546168779608601085e+01
2.554175599670263352e+01
2.562182419731925620e+01
2.570189239793587888e+01
2.578196059855250155e+01
2.586202879916912423e+01
2.594209699978574690e+01
2.602216520040236958e+01
2.610223340101899225e+01
2.618230160163561493e+01
2.626236980225223760e+01
2.634243800286886028e+01
2.642250620348548296e+01
2.650257440410210563e+01
2.658264260471872831e+01
2.666271080533535098e+01
2.674277900595197366e+01
2.682284720656859633e+01
2.690291540718521901e+01
2.698298360780184169e+01
2.706305180841846436e+01
2.714312000903508704e+01
2.722318820965170971e+01
2.730325641026833239e+01
2.738332461088495506e+01
2.746339281150157774e+01
2.754346101211820041e+01
2.762352921273482309e+01
2.770359741335144577e+01
2.778366561396806844e+01
2.786373381458469112e+01
2.794380201520131379e+01
2.802387021581793647e+01
2.810393841643455914e+01
2.818400661705118182e+01
2.826407481766780450e+01
2.834414301828442717e+01
2.842421121890104985e+01
2.850427941951767252e+01
2.858434762013429520e+01
2.866441582075091787e+01
2.874448402136754055e+01
2.882455222198416322e+01
2.890462042260078590e+01
2.898468862321740858e+01
2.906475682383403125e+01
2.914482502445065393e+01
2.922489322506727660e+01
2.930496142568389928e+01
2.938502962630052195e+01
2.946509782691714463e+01
2.954516602753376731e+01
2.962523422815038998e+01
2.970530242876701266e+01
2.978537062938363533e+01
2.986543883000025801e+01
2.994550703061688068e+01
3.002557523123350336e+01
3.010564343185012603e+01
3.018571163246674871e+01
3.026577983308337139e+01
3.034584803369999406e+01
3.042591623431661674e+01
3.050598443493323941e+01
3.058605263554986209e+01
3.066612083616648476e+01
3.074618903678310744e+01
3.082625723739973012e+01
3.090632543801635279e+01
3.098639363863297547e+01
3.106646183924959814e+01
3.114653003986622082e+01
3.122659824048284349e+01
3.130666644109946617e+01
3.138673464171608884e+01
3.146680284233271152e+01
3.154687104294933420e+01
3.162693924356595687e+01
3.170700744418257955e+01
3.178707564479920222e+01
3.186714384541582490e+01
3.194721204603244757e+01
3.202728024664907025e+01
3.210734844726569293e+01
3.218741664788231560e+01
3.226748484849893828e+01
3.234755304911556095e+01
3.242762124973218363e+01
3.250768945034880630e+01
3.258775765096542898e+01
3.266782585158205165e+01
3.274789405219867433e+01
3.282796225281529701e+01
3.290803045343191968e+01
3.298809865404854236e+01
3.306816685466516503e+01
3.314823505528178771e+01
3.322830325589841038e+01
3.330837145651503306e+01
3.338843965713165574e+01
3.346850785774827841e+01
3.354857605836490109e+01
3.362864425898152376e+01
3.370871245959814644e+01
3.378878066021476911e+01
3.386884886083139179e+01
3.394891706144801446e+01
3.402898526206463714e+01
3.410905346268125982e+01
3.418912166329788249e+01
3.426918986391450517e+01
3.434925806453112784e+01
3.442932626514775052e+01
3.450939446576437319e+01
3.458946266638099587e+01
3.466953086699761855e+01
3.474959906761424122e+01
3.482966726823086390e+01
3.490973546884748657e+01
3.498980366946410925e+01
3.506987187008073192e+01
3.514994007069735460e+01
3.523000827131397727e+01
3.531007647193059995e+01
3.539014467254722263e+01
3.547021287316384530e+01
3.555028107378046798e+01
3.563034927439709065e+01
3.571041747501371333e+01
3.579048567563033600e+01
3.587055387624695868e+01
3.595062207686358136e+01
3.603069027748020403e+01
3.611075847809682671e+01
3.619082667871344938e+01
3.627089487933007206e+01
3.635096307994669473e+01
3.643103128056331741e+01
3.651109948117994008e+01
3.659116768179656276e+01
3.667123588241318544e+01
3.675130408302980811e+01
3.683137228364643079e+01
3.691144048426305346e+01
3.699150868487967614e+01
3.707157688549629881e+01
3.715164508611292149e+01
3.723171328672954417e+01
3.731178148734616684e+01
3.739184968796278952e+01
3.747191788857941219e+01
3.755198608919603487e+01
3.763205428981265754e+01
3.771212249042928022e+01
3.779219069104590289e+01
3.787225889166252557e+01
3.795232709227914825e+01
3.803239529289577092e+01
3.811246349351239360e+01
3.819253169412901627e+01
3.827259989474563895e+01
3.835266809536226162e+01
3.843273629597888430e+01
3.851280449659550698e+01
3.859287269721212965e+01
3.867294089782875233e+01
3.875300909844537500e+01
3.883307729906199768e+01
3.891314549967862035e+01
3.899321370029524303e+01
3.907328190091186570e+01
3.915335010152848838e+01
3.923341830214511106e+01
3.931348650276173373e+01
3.939355470337835641e+01
3.947362290399497908e+01
3.955369110461160176e+01
3.963375930522822443e+01
3.971382750584484711e+01
3.979389570646146979e+01
3.987396390707809246e+01
3.995403210769471514e+01
