-3.820840606225968383e-02
-3.329224413199775162e-02
1.652781531714104905e-03
-5.419899791044802302e-03
-1.575204968568228933e-02
-9.907930399621768525e-03
-2.217703068308568559e-02
1.178233811452212079e-02
1.749173084991053131e-02
1.005335079653619720e-02
-4.783289885164704151e-03
-3.480117142378583855e-02
2.841041262304967036e-02
-6.096790670599911907e-03
-1.850499765129698729e-02
1.644270102346509152e-02
-2.386031042905552204e-03
-2.103966757909942961e-02
2.193453223584695619e-03
-7.191614811083863086e-03
-9.139931194243448159e-03
-8.554611800406475633e-03
9.961941566025749040e-03
6.681862768614500389e-03
-7.844032932891037771e-03
2.031739336333971205e-02
-1.097572580116509822e-02
1.420365759350680898e-03
1.023180860606087879e-02
4.596901615886746575e-03
1.756895522527385928e-02
1.496499452572793050e-02
-4.814393261987508221e-03
-8.158152832525165238e-03
4.638045428589927799e-03
1.593302037923317871e-02
-3.197561741876673615e-03
-2.903402999786380487e-02
7.892108052262064577e-03
8.768884563224206216e-03
-1.454331453590620256e-03
2.850394481929227879e-03
1.318454175719707168e-02
-2.937077686116576925e-03
8.543956731519706041e-03
2.412947449696636881e-02
-3.839089241842275069e-02
-1.057226860987133497e-02
1.069441210933076963e-03
1.095703764425598470e-02
-5.211834107941779037e-03
2.954796762474232066e-04
2.157209199760517365e-02
-7.601642219046137383e-04
6.119047441424795009e-03
1.659192382261307983e-02
2.319628326204724658e-02
1.062121083198952487e-02
1.126269862195244768e-02
4.818902848379111661e-03
-2.974516085615898711e-02
2.521082980216146109e-03
2.557342391947393240e-02
-4.498968772234491521e-03
3.021883663803057174e-03
1.370970659822887518e-03
-1.565446387559806321e-02
5.528442995913734025e-03
2.309272866719691911e-02
2.076832367455283893e-02
-1.252487351887759254e-02
6.116811739340803633e-03
-3.514947073427963887e-05
1.632152449350021337e-02
-2.923411992532474720e-04
-2.748357228317263937e-02
-6.236426837827843336e-03
1.492920354695066384e-02
-4.636910008523601259e-03
1.026659179197743528e-02
2.658539345288834978e-03
-5.435806237395199476e-03
-1.025910976463917899e-02
-2.436358835415261548e-02
-3.793783302058024217e-03
1.612951293337004655e-02
-1.307196809447571696e-02
4.515798533976279547e-03
1.294222370860441222e-02
2.581935147616920903e-03
-1.092563957274361036e-02
3.316021545551108788e-03
-9.972064955534529207e-03
-3.980360764707806948e-02
-2.841205507335613223e-02
1.954782224315163193e-03
-2.160440683665973676e-03
2.723011401576369561e-02
4.327053784923344179e-03
-2.309867886940291520e-02
8.434059598611097150e-03
5.754857276115344289e-04
1.583742951748502714e-02
1.042774501929197989e-02
-1.117077678104286265e-02
-5.995670345770033301e-04
-7.361027506316614524e-03
-3.553529151511971088e-03
1.215336644565680017e-02
6.382086193679355896e-03
1.659816916124360773e-03
-1.622332599016438476e-02
-1.194995653118212202e-02
-2.210963891965763220e-02
3.251646009212990143e-03
-1.550766716236708954e-02
-5.986312245621032771e-03
-9.234262119594351809e-03
2.990865904169302033e-03
-7.280842642776952367e-03
-1.381242735000989819e-02
1.542543512954873408e-02
-2.342538073813955901e-02
-2.676738644921571996e-03
-1.218496360797101039e-02
-5.122679349635770631e-03
-3.660468602252285597e-02
-2.523013533393948099e-02
7.272895841879663779e-03
2.202346956345123310e-03
9.146204321571822782e-03
-1.325852523223928136e-03
-3.889785621220805470e-03
2.123009288664345212e-02
-5.550568769444894600e-03
1.637486936007526150e-02
-7.133411283693322398e-03
2.543278431653010069e-02
-1.911068069252461199e-02
-6.347600058697542603e-03
1.690775020908746873e-02
4.958338407887333786e-03
1.216762854950722075e-02
-4.770494844672520419e-03
6.663724659350715729e-03
-1.110836769114757240e-02
1.142798645565679290e-02
-1.336003753376756482e-02
-4.698810499923820536e-03
4.738918506473759062e-02
3.668622063660827333e-03
3.353137014276775900e-03
-2.581258994605632674e-04
1.359294218594683627e-03
4.285200448476673626e-03
2.639820466806858459e-02
9.931214139525300008e-03
-1.703493067625634627e-02
-1.648038227113751003e-02
9.513555800257358572e-03
-6.992381304945330910e-03
7.974959407265207884e-03
-1.202291071081948784e-02
-2.184114219929051207e-02
-2.285913156512087846e-02
-4.806782217455725413e-04
-9.232771669121892302e-03
2.640766148609237016e-03
-1.327072492352411245e-02
-1.029581509438874318e-02
1.890394403099537358e-03
6.056500744690144003e-03
-1.664089180843018531e-02
-1.042128770866555289e-03
2.255751646922054057e-02
2.230493577789699131e-02
1.763956222078647690e-02
-2.381784737406838701e-02
2.831043171354524768e-02
-2.617987849245356335e-03
1.307018330012942216e-02
2.423966530429251184e-02
2.622757096496651508e-02
-1.215753216200962834e-02
-1.671032700157531678e-02
3.845409540033894926e-03
-2.230489949129085478e-02
1.001930941026109301e-02
7.336071021530856523e-03
4.548039922588746967e-03
-2.381666971284331774e-02
-2.163596933608448111e-02
-1.202463550884608906e-02
3.982713824773102818e-03
4.369530852722146308e-03
1.683725270662907170e-02
-2.041654956465530774e-02
-4.371207943217318703e-03
-2.897796083349928054e-02
9.158328485604180433e-03
-7.700492812741106807e-03
1.198166573532663190e-02
-1.470440528057682938e-02
1.624900326298718209e-02
1.710503205012084763e-02
1.009956903249956475e-02
1.597694791383651169e-02
1.324529214197084880e-02
4.645114312410126081e-03
1.126297924682136305e-02
3.829293498905375452e-03
-1.311163334842783273e-02
1.632655254979977670e-03
-3.563440196631963847e-02
1.050941283012366348e-02
2.687179886326628367e-02
-5.339798899862246116e-03
-4.042196365403032988e-03
-1.751600593369604178e-02
-2.528425112223457033e-02
-3.720570240361221678e-03
3.508068673359176072e-04
-2.956416906907987849e-02
5.588484224103645263e-04
-1.660234267563915136e-02
-2.411474593558993532e-02
3.248504886779503709e-03
-1.894597356350449097e-02
-2.159155079298673285e-02
-3.918312842110639738e-02
-1.101476476045709293e-02
-1.171647012122823414e-03
-2.698201948215422745e-03
2.604683844588514749e-02
1.389314801766111489e-02
-4.378479624741723857e-03
1.954603343606418908e-02
1.323813629660916015e-02
3.880355797404149570e-02
-6.258286266882130819e-04
8.571593371131896663e-03
1.691553663007922328e-02
2.428217795658674238e-02
1.807419945709648479e-02
3.918143631559217049e-03
-2.083206911427429558e-04
-2.453801214802925693e-02
2.339395250039862702e-03
-6.922170296602179508e-03
1.436305934807575839e-02
9.145843859993185027e-03
-1.511033926499839690e-02
-8.541358598386155493e-03
-2.752706492317975526e-02
-2.884605006550964440e-02
-5.096224390581399755e-02
-2.577784360798290614e-03
4.365567817376846214e-04
-4.367440995808879144e-03
-7.936866547222619101e-04
-7.786113541771052388e-03
1.108050254086897710e-02
6.414753250419397493e-03
1.909170843319564839e-02
2.212961995813457830e-02
5.595138434603231592e-04
8.369394785704892259e-03
-2.563716605767544371e-02
-1.705723093994319234e-02
3.516024272158548014e-02
2.475473719452268156e-02
3.292864783862374262e-03
-2.997184148444407073e-02
1.924144514662276192e-02
1.386306966087302341e-02
1.545657602956488491e-02
6.853111718342064923e-03
2.181026044446739837e-02
-2.910844885201406204e-02
-1.836203351452454433e-02
1.194690132587033701e-02
-2.319844129550245604e-02
5.978717484474100306e-03
-2.503656705694589160e-02
-2.001301020765438449e-03
-1.701366537084790520e-02
1.097636685490477673e-02
-1.303023886444954968e-02
-2.351645194812890943e-02
-5.400590515647537074e-03
-1.499977005745391397e-02
-2.241269481002849256e-02
-1.304357261739990358e-02
5.505042995463572605e-03
-2.098303310300165744e-02
-2.848681469972479813e-03
2.476322708884529100e-02
2.022777513422846160e-02
5.526200436259905147e-03
-2.017636156795991204e-02
3.410796308329478582e-02
1.157802686185845954e-02
-1.689127148439027032e-02
-6.544435630469860703e-03
-7.178422764887534445e-04
6.767320743089181613e-04
2.792881762398780401e-02
2.845802867738180669e-02
-7.229209151071443878e-03
-6.955454487539291944e-04
-5.221680782044005320e-03
-2.265313723807794218e-03
-1.545541521655740928e-02
1.683056527051461637e-02
4.417442982783795213e-02
1.073755635571082331e-03
1.383676231331499099e-02
-1.745351928818780762e-02
-1.893194250036617579e-02
-2.055889436041898402e-02
1.693482865699954751e-02
1.681030605140640052e-02
-2.005915283341421634e-02
9.830699813143318339e-03
-4.058989430162891245e-03
-1.400766675680319498e-02
3.301128842811473785e-03
-2.366966365481600054e-02
9.215360997699781212e-04
1.982327318479762054e-02
1.022238527880910477e-02
3.367295662809702272e-02
1.982188526089889366e-02
3.229095672210786916e-02
7.105905605755030371e-03
2.510741851019681475e-02
3.625886052367611589e-03
-1.444861744510010648e-02
2.033786951031951382e-02
1.717894166580571924e-02
7.786237541276554500e-03
9.396763613136549162e-03
-9.950226480699899539e-03
-2.086518538653625923e-02
-2.934098341230269519e-04
-1.330500650891405442e-02
-2.592971848475431745e-02
8.643885987407052413e-03
-2.242087520300351661e-03
-5.164921806098206683e-03
1.111394485481298142e-02
-2.368031638505116443e-02
-2.006641000055442783e-02
-2.056896208140544108e-02
-7.725396213239759009e-03
-2.183259249060029786e-02
-8.500611248209184040e-03
1.150467578995607604e-03
3.203641918252292473e-03
-6.527661343027468983e-03
2.510475000432201009e-03
2.193686568469782952e-02
1.925635748189883853e-02
3.477042038655123873e-02
-6.057797118159057807e-04
-1.705031785392577617e-02
9.325772540319935897e-03
-1.235680021029480179e-02
5.541097094577620945e-03
2.216306256835465921e-02
-1.343741876705986313e-02
-2.413172293483926718e-03
-6.839068522805227292e-03
-1.227127297751731336e-02
4.331542380565633552e-03
-6.480559348898943693e-04
6.828176120975312270e-03
-3.090236507977538183e-02
-2.870831008395921188e-02
5.207669239940965374e-03
-1.490650892992033925e-02
1.051015690535663568e-03
-2.807125235121633519e-02
-1.375155129754916487e-02
-6.321523525467677082e-03
-1.796240077941364116e-02
-2.511779654563988176e-02
-7.607109573685599813e-03
8.015378167072675225e-03
1.657319873649034389e-03
4.302776056760683303e-03
1.011448451323389980e-02
1.514131834905998140e-02
4.951113347316614746e-03
5.924828193403579649e-03
3.377719833077492961e-02
3.430167319959220168e-02
-1.617706871212078526e-02
3.397899509854940270e-02
1.329821456379617732e-02
7.829557833181536794e-03
1.919403785406329638e-02
-3.338534668944605210e-02
-9.468485614883358215e-03
-5.523870650241243831e-03
-3.548712722825707322e-02
1.949781129662303200e-02
-2.511900327645802053e-02
-1.943543646030567243e-02
-2.760798793566213161e-02
-1.581799656092609460e-02
-7.721080371395549688e-03
-1.607536092528324967e-02
-3.281747351360190385e-02
-1.045377534913856724e-02
-1.454290453081441212e-02
-1.209220374049945271e-02
-2.495279515423361877e-02
-2.748843125112615179e-02
3.596176531214928789e-03
1.897479066130609501e-02
-9.561661004298106737e-04
5.998521596386673267e-03
4.221460768237485575e-03
2.293296863306783229e-02
2.105436357001037179e-02
3.592399459092784908e-02
1.965871544938213242e-02
4.700769307843352673e-02
3.577081984497551548e-02
2.614205915830537449e-02
3.563099313343395108e-02
4.009646075218143563e-02
2.481395907622964761e-02
2.356147168686028096e-02
2.403288555080705310e-02
3.674325566368624729e-02
3.010407769954225737e-02
1.793026966926554791e-02
-6.531625228600611635e-03
1.278790056685686315e-02
-1.982671183712833227e-02
9.593195772215528175e-03
-3.156975905249722464e-02
-2.627075002949909310e-02
-3.086311545231755493e-02
-3.168200269554880683e-02
-5.717483435140446185e-02
-2.136212551498074819e-02
-4.712058474813436010e-02
-5.371941342057597740e-02
-7.141845948709527048e-02
-3.708896429255737620e-02
-3.361382778635866458e-02
-6.633510279968457546e-02
-4.548705848842177213e-02
-3.436827286875553111e-02
-8.699319008570806019e-03
-1.126671126412807618e-03
2.595480841270546984e-03
2.324949814317847294e-02
5.045220671579490890e-02
1.527937165091699211e-02
5.882716645055378196e-02
4.126506866177784283e-02
5.387323098408561273e-02
8.296750900490131031e-02
1.076776114881985436e-01
8.018788552316936935e-02
8.236924084193245066e-02
8.433687093783641398e-02
7.652099307373064208e-02
6.156252329051637578e-02
8.937906844044029783e-03
2.320202905432076912e-02
-3.026938110711985958e-02
-2.215194956298434034e-02
-4.111582327313200586e-02
-8.046950016144946427e-02
-8.928164279302137907e-02
-1.230353693722224806e-01
-1.025323939095219850e-01
-9.382864767909142312e-02
-1.190376580169361376e-01
-1.267929999302759014e-01
-1.322754866381150585e-01
-1.128933050664924082e-01
-1.036072012566314898e-01
-9.720690370146117809e-02
-4.556069862069999504e-02
-1.975527646324700889e-02
-2.982222770075907900e-02
-6.164158258814703487e-03
2.431967114603801952e-02
4.636244795617201070e-02
8.255504392936974245e-02
9.905937898956307386e-02
1.142266120146624014e-01
1.344215586715448163e-01
1.337115434358512600e-01
1.055684291190055191e-01
1.350143171355875915e-01
1.371870229475502245e-01
1.187566075355016432e-01
1.057630314803201799e-01
9.190006996693214636e-02
5.881608995764844861e-02
4.028379620001376615e-02
1.358126734849164977e-02
-6.216907220188870424e-03
7.544779146561752040e-03
-1.501209054145940906e-02
-6.415615836823004847e-02
-6.909941670096314548e-02
-7.824858493551480054e-02
-9.904321695875850651e-02
-9.668564530219590780e-02
-9.384711202439145750e-02
-7.532945759813379494e-02
-9.237723180399796952e-02
-1.226489036707138214e-01
-9.975936283936816251e-02
-1.024880158324533164e-01
-7.486075945418642352e-02
-6.726876100235247569e-02
-8.584121574359381002e-02
-4.135325909009598261e-02
-6.261287056109256233e-02
-1.454764188911952111e-02
-1.359932428058586952e-03
7.707629399820382227e-03
1.011191268437751714e-02
1.537404970540710673e-02
5.318104431337384447e-02
4.132037971576761615e-02
2.713558566438550174e-02
3.091491161268059354e-02
6.567743019798306936e-02
3.942666453591359144e-02
9.126047082199745253e-02
7.936980534753683425e-02
7.202119314078697654e-02
7.902785685161242690e-02
7.915328015505715409e-02
5.783524013787085666e-02
4.755616273188466303e-02
2.403151591974404463e-02
5.071199004653764025e-02
3.813133031173068094e-02
-7.938872732761864670e-03
-4.079729714475062267e-03
-1.280604399030852228e-02
-3.197719608707687896e-03
-5.531199547534004085e-02
-4.561772375234379034e-02
-5.948917753567176114e-02
-6.794913188918708102e-02
-8.422903401937380241e-02
-5.165341912006886360e-02
-8.706449345182855348e-02
-5.776327650926327273e-02
-7.775299553101662486e-02
-5.145828153981821945e-02
-3.517922996155060933e-02
-2.246474040591191559e-02
-2.748318256612200181e-02
-1.902928289124619296e-02
-8.010514617523495709e-03
1.749631281543531300e-02
2.335559945815846375e-02
2.397177850063028984e-02
4.321179305799632137e-02
6.334201175483301915e-02
4.399514454596966523e-02
6.724600162988349228e-02
5.826291545622705459e-02
6.488238428373273303e-02
4.974750152407958481e-02
5.393878083487553543e-02
4.825125911418895464e-02
6.832579315307976686e-02
5.199521366258852417e-02
1.889428185356053710e-02
1.838416496788647728e-02
2.721066084773620525e-02
1.978854474820773701e-02
1.803447482614667363e-02
-1.095944448331073566e-02
-1.526414496817617671e-03
-1.025514981650094267e-03
-1.735784936428562755e-02
-3.757613823493499705e-02
-3.781180426239326431e-02
-5.165214271028521764e-02
-1.469838282764809358e-02
-7.660869812941289991e-02
-5.259788180118345896e-02
-6.130636303835407253e-02
-8.861322406216107228e-02
-3.790484205233569936e-02
-4.952460368764684262e-02
-4.265328526039190160e-02
-1.892770384622020213e-02
-6.447137195099240936e-02
-7.943752449251082620e-03
-1.165613550356468103e-03
-2.068863026559533691e-02
-1.256811700992624056e-02
7.195284720404932464e-03
1.192229560910596127e-02
1.574611866458242720e-02
2.232957438488580512e-02
3.724252013031581487e-02
2.926313357480411076e-02
1.828255223953790740e-02
3.069527608839936819e-02
4.620514874531409660e-02
4.118527422091712575e-02
2.779045401794912398e-02
5.636751415937351489e-02
3.844788548231504316e-02
5.526988632983762667e-02
1.684730586776482866e-02
9.071799668342237638e-03
4.030479182245423619e-02
2.558842623195014057e-02
2.276958517810177829e-02
-1.998490844702674463e-03
-4.902862724890314459e-03
-8.788254811679016218e-03
-2.790360237631791043e-02
1.632635626838696981e-05
-2.369281766071924117e-02
-4.791248351663039695e-02
-3.162857416895508561e-02
-6.234069285005886668e-02
-4.905218029392579421e-02
-1.556081001785353940e-02
-3.162730707958762155e-02
-2.813900373042383177e-02
-4.540555951240813487e-02
-5.097772816469029605e-02
-3.655845746509765043e-02
-3.282316522413260967e-02
-3.574182974184611505e-02
-4.158526424051427195e-02
-1.944727764276308821e-02
-2.395133774512935715e-02
-1.504630180684530388e-02
-1.044456721553480884e-02
3.213305747119388212e-02
2.297266222450585968e-02
3.213730752450674744e-02
4.820477420214559772e-02
1.760298379957448908e-02
3.287962936030379424e-02
4.715560538246148931e-02
2.643726902905007073e-02
3.581576961383910879e-02
5.230045841717644028e-02
4.660599583383012029e-02
5.083335856101540290e-02
4.791661634145077953e-02
6.340063232672984994e-03
1.712432949041392538e-02
3.104108038740824305e-02
5.430277073051969702e-03
2.318907688763255717e-02
3.695235015942802907e-03
1.112616164697473320e-02
-1.795772187584299823e-02
-1.304702288224058107e-02
-3.556967737952840269e-02
-6.261991742160334662e-02
-3.688972420350487835e-02
-5.420168076103690918e-02
-4.303779739589161379e-02
-2.677110625032600930e-02
-5.321454871426180983e-02
-1.195467449725975788e-02
-6.650256516365977977e-03
-3.835331874582278283e-02
-3.052197589872987851e-02
-2.263414321761372805e-02
1.505739857237070947e-02
8.477427142875307992e-03
5.734351101000578765e-02
3.516601090651538114e-02
7.290614428342805618e-03
2.400924216548727674e-02
2.360808173577415639e-02
2.966295679245352021e-02
2.361798180621807117e-02
5.877953939814854062e-02
5.677318171377105510e-02
2.718889316615485247e-02
2.273177362678606081e-02
1.325889740667087272e-02
-1.156750773495201275e-03
2.298924924984835014e-02
4.110845968595117084e-02
-1.751539207519688113e-02
4.062359824257922962e-03
1.497670569122092239e-02
1.616057620922554255e-02
-1.429655801539920536e-02
-3.472731368121209639e-02
-9.971835739699362600e-03
-2.969946949898449873e-02
-3.972590412470886068e-02
-3.249755607128437113e-02
-2.267110351799624113e-02
-4.021522032603226660e-02
-2.888137838504973784e-02
-3.816279113876109175e-03
-3.059444123122650322e-02
-1.426387395788544961e-02
-3.590949565997895998e-02
-3.455413527328590143e-03
-3.115507056721707885e-02
5.506016825070334832e-03
-2.324212867209156028e-02
-3.237197456925382244e-02
2.023012742188020838e-02
7.030944428379869680e-03
1.746813933404312014e-02
1.777610807916014946e-02
2.510465185547862757e-02
-2.214068642342777171e-02
1.306720207023399222e-02
3.639459272282481728e-02
4.852695121060108391e-02
-2.168386809635817602e-03
-9.498362923398624702e-03
2.542109336607757328e-02
1.812876829907257570e-02
3.977325029946782164e-02
3.633248735134419344e-02
2.275786806732059062e-02
2.603183545519814623e-02
5.299158976436872323e-03
9.990095175572880071e-03
3.736167982826070835e-03
5.553963158317758511e-03
-6.668050127866990235e-04
-5.238229517344254738e-02
-3.362002233733656087e-02
-3.557394948108719146e-02
-1.967795250303652071e-02
-2.905664113579370031e-02
-7.242100508941968010e-03
-4.022000458041784590e-03
-2.679727265071189801e-02
-1.847176649213014971e-02
-4.570109736750012364e-02
-2.112634228915574036e-02
-1.616229213644104074e-02
-5.974592179293564728e-04
7.553139070532552402e-03
2.610777990093206529e-03
-2.892784692330982281e-03
-8.910982536621611313e-03
3.394939485115561900e-02
1.197188272921185549e-02
2.192420011618046935e-02
1.597019051462443551e-03
2.331462384588976061e-02
3.866066692466925414e-02
1.275686643595519768e-02
1.668370473300450837e-02
8.720593892302360914e-03
-1.815401967416920698e-02
9.506029651577191169e-05
2.730250860462284362e-03
2.423510781849067333e-02
-4.486647609036360264e-03
1.031146555917652552e-03
1.561678112320245664e-02
-1.758610540660956317e-02
8.841004338162643250e-03
9.870617222851180150e-04
-2.452714676504427760e-02
-2.074150646721507896e-02
-1.114224412002189947e-02
-1.606726218875701925e-02
1.289656295796858324e-02
-6.213452710026877955e-03
-5.450139726804131834e-02
-1.869331965145909838e-02
-3.415525606018725291e-02
-1.716268217203467325e-02
-8.909887559984662822e-03
-1.397311695916360515e-02
-3.143803406463664078e-03
2.403682917932990770e-03
-1.822386179836213741e-04
1.046054813941819581e-02
1.344468083541779276e-02
-1.361600144356886477e-02
1.686418442403206722e-02
7.318142440723726747e-04
2.076192891613082639e-02
-1.469866092945344357e-02
1.199287925616824950e-02
-2.628441890871190210e-03
3.534671874289750659e-02
2.288497464815018867e-02
2.180511838927289350e-02
4.449776410635113491e-03
-7.095305779952103438e-03
-1.170477789467401671e-02
1.384396155561107289e-02
1.354869187720171217e-02
1.300780875557561167e-02
-2.255368460706418110e-02
4.696533136204194539e-04
-2.298837142486067492e-02
-2.101223581033493173e-02
1.520582262032689307e-02
1.152487895571467635e-02
-8.204964124850891482e-04
-1.714619957752768278e-02
1.368264995292670615e-02
-3.802805476574623589e-02
4.324816582327992674e-03
1.030846578595867070e-02
1.223434934274409205e-02
-9.414057663534421833e-03
-2.286650224491552572e-02
2.087181569192269291e-03
2.033083414177501360e-04
-9.754658322408659918e-03
-1.062853253535720258e-02
7.192424636808404832e-03
-3.017099008160050843e-03
7.111254936467428789e-03
-1.420882506731528314e-02
-1.246820082543272784e-02
-2.268948498878793109e-03
1.777376223937970554e-02
2.530867756009144189e-03
1.846581719605319000e-02
-8.361741038242682250e-03
-9.973334176008555318e-03
1.575647198209103456e-02
3.085538822168810980e-02
7.292082144818748217e-03
2.883665955541592132e-03
-1.993244235167457529e-04
2.010267709084739753e-03
1.031516070653080725e-03
4.360424076353803385e-02
-9.451838594947524139e-03
-1.887455590335673783e-02
5.378138544403754905e-03
-1.745566278327050080e-02
2.603776077504212820e-04
-1.099331590222252589e-02
6.348906963919956521e-03
-2.534778488567375043e-04
1.247782822513348808e-02
-9.854507887769189955e-03
-2.159211812803821934e-02
2.403729724766794779e-02
-7.426102486582209818e-03
1.715828592373329006e-02
-3.759377726195352494e-03
2.392270034025235567e-02
-4.349349142370978580e-04
2.725827906573260150e-03
1.361070274895647553e-02
6.885403038661422163e-03
1.197865778748538265e-02
-2.069056487311212583e-02
-3.240523234806264724e-02
-1.415195674562353626e-03
-9.093385351111897205e-03
-2.927594549955348673e-04
-2.180583241973628114e-02
1.625941479239824752e-02
-1.375040012428089403e-02
-7.944996080803947910e-03
1.674406824602747441e-03
-1.110627557985306019e-02
-8.300319126445054527e-03
-1.813983123175106835e-02
4.288145929722968794e-04
-2.499833654725961210e-02
-1.478813864911125188e-02
-1.890787206383549163e-02
-7.849803710985224720e-04
4.243619132746833181e-03
1.036702482676718322e-02
-4.962759079865226158e-03
-8.387868087257829147e-03
-1.256395886026156952e-03
-1.148483685668315497e-02
1.041762880006975173e-02
1.608437522040776294e-02
1.028077100980285619e-03
9.039648884981781388e-03
-2.239106712878655495e-02
5.089757269431012532e-03
2.800678452091778445e-02
-1.403998305537595926e-03
2.664239170438223968e-03
-2.776894565328517916e-02
-3.923930918711387994e-02
-9.492975270614907937e-03
3.708526923520041874e-03
-1.061720193712645428e-02
2.811606642455261214e-03
1.310022067369684060e-02
4.610182396490890462e-03
-1.303277766947073812e-02
1.612189060060141219e-02
-3.840078531445707561e-03
-2.444070242219315015e-02
-1.035941381552927566e-02
-5.551786904655504548e-03
2.534384243920225366e-03
1.014180614060656606e-02
-4.754771717176295431e-03
1.482569979454963910e-02
-6.318488507415050658e-03
-2.753776712785224040e-02
-3.132615449014482982e-04
1.633790479766317888e-02
2.085031769845499192e-05
6.212799311315943263e-03
-1.239060386871508601e-02
2.093711778378386582e-02
2.329041661491089779e-02
5.747852157448852042e-03
-1.542158585951835734e-02
1.608544096837082353e-03
3.255467539030992320e-03
-4.277362520511088922e-03
2.577631565977620345e-02
2.700225624356969879e-03
-2.959279165925587235e-02
4.943621925011866189e-03
1.136099394704863895e-02
1.069619012374760196e-02
2.325255806562129615e-02
1.663511168877487151e-02
6.155199993864923606e-03
-7.251548142606421919e-04
2.161112995349535881e-02
3.425191526775796225e-04
-5.154372429789558924e-03
1.102559087724516024e-02
1.147974553585154236e-03
-1.048650828038102251e-02
-3.830200866105888668e-02
2.421644066579671170e-02
8.623520474094013150e-03
-2.870318383764692508e-03
1.323368727476711276e-02
2.878155353260892189e-03
-1.450345890918422606e-03
8.748292455968659925e-03
7.847782306538413771e-03
-2.909969274686904223e-02
-3.280845594939192211e-03
1.583680279356693490e-02
4.534126029711820112e-03
-8.264461880315309220e-03
-4.918157055739085480e-03
1.486792544558923623e-02
1.748162265758915201e-02
4.521030980060726685e-03
1.016772987159881257e-02
1.367067422543009935e-03
-1.102041900375671721e-02
2.027824703326392905e-02
-7.881219811730918665e-03
6.642909658269408393e-03
9.917747822793554838e-03
-8.606918319123812305e-03
-9.202340405675746293e-03
-7.265050009030135474e-03
2.109209492575940450e-03
-2.113340145748064669e-02
-2.486982009446294436e-03
1.633752549617633471e-02
-1.861098430821657435e-02
-6.200084994864724260e-03
2.831307412773922602e-02
-3.488982755096245447e-02
-4.861309970466640498e-03
9.986993968987461015e-03
1.743707935831136091e-02
1.173848815118431858e-02
-2.221179832049272052e-02
-9.935944000776283924e-03
-1.577598687372410574e-02
-5.442501399118025718e-03
1.628995065325070058e-03
-3.331926223277732052e-02
