1.276684979777966647e-04
1.893537967584651006e-04
2.537293723674931864e-04
3.145487924159535986e-04
3.655286687843855111e-04
4.009557628644646720e-04
4.162585464027470749e-04
4.084873106065121029e-04
3.766547015027388486e-04
3.219010782931812711e-04
2.474651707377613211e-04
1.584586317517862125e-04
6.146152356866007931e-05
-3.602721191253199556e-05
-1.262362822398626142e-04
-2.018079645965711302e-04
-2.564615027586771749e-04
-2.855734597455432964e-04
-2.866214748955258230e-04
-2.594497773701416490e-04
-2.063305454359785126e-04
-1.318133233611291802e-04
-4.237355535799558904e-05
5.411084589485604134e-05
1.490107196364256570e-04
2.336691871785596681e-04
3.001356497215938940e-04
3.418475129171199048e-04
3.542014876867813724e-04
3.349659282895123182e-04
2.844993914374298479e-04
2.057571743093591443e-04
1.040855254756121236e-04
-1.317905774148298038e-05
-1.372720535066709326e-04
-2.586783669055390243e-04
-3.678699192145522376e-04
-4.560442433472138121e-04
-5.158058779071410119e-04
-5.417380206498538390e-04
-5.308216920552837450e-04
-4.826726178878164492e-04
-3.995809794947842376e-04
-2.863547964155568242e-04
-1.499826924812595105e-04
8.550365266692949514e-07
1.563877662797388184e-04
3.064221308092261232e-04
4.410266558880504843e-04
5.511850833893863679e-04
6.293744429470429043e-04
6.700313356833005694e-04
6.698795226667533711e-04
6.281028603571035514e-04
5.463589656831521930e-04
4.286398437927765631e-04
2.809953125782032051e-04
1.111428253775850186e-04
-7.200715094628406729e-05
-2.588778630840895710e-04
-4.397719142116418697e-04
-6.054039024016528775e-04
-7.473911791476482410e-04
-8.586782522621767312e-04
-9.338756622140760274e-04
-9.694999388452280910e-04
-9.641071170185427138e-04
-9.183179509580732293e-04
-8.347381973979218096e-04
-7.177819957980435426e-04
-5.734103824994428184e-04
-4.088002998917659504e-04
-2.319620853704673679e-04
-5.132532975465054062e-05
1.246858541180788653e-04
2.880667716477453922e-04
4.316144586851766783e-04
5.492590321763976893e-04
6.363272619913562436e-04
6.897250815867650951e-04
7.080302407200882945e-04
6.914915781004147850e-04
6.419371907600908596e-04
5.625997358725492005e-04
4.578727756145468822e-04
3.330169768463378120e-04
1.938386166491206243e-04
4.636479017599626147e-05
-1.034603501732629470e-04
-2.500362303141727654e-04
-3.883056252028587525e-04
-5.138820274230005130e-04
-6.231006356406396454e-04
-7.129972202977778945e-04
-7.812272187567774560e-04
-8.259444901253588153e-04
-8.456643757677290933e-04
-8.391383467990927133e-04
-8.052670750902990232e-04
-7.430750343394123322e-04
-6.517628619446576418e-04
-5.308441908947188030e-04
-3.803623324853387146e-04
-2.011701712838700627e-04
4.754780975002148824e-06
2.339976861273847014e-04
4.814397922784721131e-04
7.400837133572633376e-04
1.001013415600145043e-03
1.253523723870914259e-03
1.485441348471340430e-03
1.683642699678761928e-03
1.834754456382556818e-03
1.926002728084684566e-03
1.946157674035035260e-03
1.886504647094881153e-03
1.741762185088493575e-03
1.510862991356173553e-03
1.197517401011449246e-03
8.104900143758868476e-04
3.635387341216365291e-04
-1.250098511560508957e-04
-6.330458418849449443e-04
-1.135788511400463198e-03
-1.607162464701353656e-03
-2.021348068000158090e-03
-2.354397228195971060e-03
-2.585794698476261838e-03
-2.699844241046583156e-03
-2.686768738541343501e-03
-2.543433266327769626e-03
-2.273628776478360102e-03
-1.887889059039237058e-03
-1.402851988308640753e-03
-8.402142463520933906e-04
-2.253631497389507754e-04
4.142034608033569299e-04
1.050540837513386531e-03
1.656870291335561535e-03
2.209014139471090522e-03
2.686544135030493208e-03
3.073564160955310695e-03
3.359084914844242490e-03
3.536989317168600776e-03
3.605628330363437606e-03
3.567123560269987257e-03
3.426481525710757363e-03
3.190641662262810267e-03
2.867583895787865263e-03
2.465611245795715310e-03
1.992899133372745806e-03
1.457368057853876539e-03
8.668935347512203918e-04
2.298210891436260821e-04
-4.442903434245355711e-04
-1.143811007749295783e-03
-1.854209807387211450e-03
-2.557403213410031594e-03
-3.231430735915795296e-03
-3.850581100399303076e-03
-4.386053999533135947e-03
-4.807189816594188876e-03
-5.083238673100492350e-03
-5.185576336123941948e-03
-5.090214360972794214e-03
-4.780401792446030765e-03
-4.249081626090868424e-03
-3.500951624113360795e-03
-2.553888816456002884e-03
-1.439530799933096171e-03
-2.028631825551521328e-04
1.099262644474679291e-03
2.400669631236044578e-03
3.629348330486873667e-03
4.711708420957929321e-03
5.577314775302370797e-03
6.163774550952164435e-03
6.421407383890658481e-03
6.317326095730164959e-03
5.838582180105213008e-03
4.994087728255410322e-03
3.815109610112391286e-03
2.354236337383834848e-03
6.828347560893438051e-04
-1.112867127413160557e-03
-2.936823454243025003e-03
-4.688998263550764323e-03
-6.271567935466634304e-03
-7.595052741686212153e-03
-8.583931919158922091e-03
-9.181333036987848403e-03
-9.352456468645048426e-03
-9.086493851194518689e-03
-8.396917329500909466e-03
-7.320144153333670196e-03
-5.912707897225653701e-03
-4.247182334760704787e-03
-2.407196980575188223e-03
-4.819466025159790815e-04
1.439374656552399028e-03
3.272792645040059623e-03
4.944048752917328676e-03
6.392070361019235904e-03
7.571215085837032857e-03
8.452202652565105057e-03
9.021767234881043415e-03
9.281175202576534555e-03
9.243848177080529749e-03
8.932400552733275878e-03
8.375438118946103641e-03
7.604467076705256900e-03
6.651230863051635529e-03
5.545729345872277977e-03
4.315087638944726557e-03
2.983338848355017187e-03
1.572076816407679250e-03
1.018322041316794792e-04
-1.406061648127209136e-03
-2.927408921405303885e-03
-4.433224622136128570e-03
-5.888264673613390586e-03
-7.250298391583165705e-03
-8.470339306258985526e-03
-9.493955368707902853e-03
-1.026366813114523539e-02
-1.072233299158508769e-02
-1.081728026099562472e-02
-1.050490057068275036e-02
-9.755287607625206733e-03
-8.556513759323170279e-03
-6.918114474845639753e-03
-4.873396167500663838e-03
-2.480257976359791228e-03
1.796759589036980257e-04
3.003688334653357994e-03
5.872298721304132496e-03
8.655085305595775977e-03
1.121766313483445535e-02
1.342937790794853682e-02
1.517120080596286689e-02
1.634327513103404905e-02
1.687157306786299035e-02
1.671317065301441626e-02
1.585973752287863497e-02
1.433895852740388333e-02
1.221374756292314262e-02
9.579268896126489144e-03
6.557935836011596735e-03
3.292698974728203686e-03
-6.094445918897673024e-05
-3.343701203264852571e-03
-6.401424409762691836e-03
-9.093672066442213403e-03
-1.130133909299258464e-02
-1.293289246909232713e-02
-1.392884234510037914e-02
-1.426420918578755713e-02
-1.394888758576017483e-02
-1.302595071523876893e-02
-1.156807477783343419e-02
-9.672380718822811557e-03
-7.454082729995280265e-03
-5.039394123130559559e-03
-2.558167771138820414e-03
-1.367401809634909322e-04
2.108592328646418518e-03
4.077105240824560085e-03
5.687914714695605292e-03
6.882816097878500378e-03
7.627632225255693080e-03
7.912115899346585865e-03
7.748544042664826971e-03
7.169216647760848389e-03
6.223127277045750229e-03
4.972100962870556855e-03
3.486699533562581492e-03
1.842175288117318564e-03
1.147149991497546992e-04
-1.621837710366223848e-03
-3.298656716412311923e-03
-4.853945750381728243e-03
-6.234293232730177270e-03
-7.395428875794633761e-03
-8.302483510218132759e-03
-8.929880201791801433e-03
-9.260994486423099539e-03
-9.287714793024301474e-03
-9.010012717283419695e-03
-8.435599934895624680e-03
-7.579708361701207285e-03
-6.464987412959445449e-03
-5.121471742150750413e-03
-3.586539185383034577e-03
-1.904755600007235899e-03
-1.274935890668205032e-04
1.687782847888772949e-03
3.478655940181442016e-03
5.179369264399521881e-03
6.722932150768127189e-03
8.043675178199432771e-03
9.080166590744511226e-03
9.778350458358583616e-03
1.009472618504301741e-02
9.999359840532025256e-03
9.478504144001573262e-03
8.536607915039146760e-03
7.197518138918898925e-03
5.504717641826258924e-03
3.520496404309304047e-03
1.324021081912758139e-03
-9.916593924030757314e-04
-3.323559619896659413e-03
-5.563472210805927264e-03
-7.603207819602337235e-03
-9.340072049466994347e-03
-1.068226353094533718e-02
-1.155387151622414357e-02
-1.189916728502857929e-02
-1.168592074712162046e-02
-1.090752945578448742e-02
-9.583817994291230630e-03
-7.760446411368976047e-03
-5.506951370100528730e-03
-2.913526954206502491e-03
-8.672784023999113520e-05
2.855659383836857673e-03
5.790284749407220016e-03
8.594124735257302819e-03
1.115026927820869998e-02
1.335329700060172535e-02
1.511396376204157503e-02
1.636297952915100745e-02
1.705371011683457644e-02
1.716370878916317205e-02
1.669505297123008089e-02
1.567352853646611366e-02
1.414676396786507424e-02
1.218146568352399678e-02
9.859941595314239415e-03
7.276121371205388454e-03
4.531288945133223056e-03
1.729736717630302786e-03
-1.025466323116352952e-03
-3.636425957182515527e-03
-6.013957974789660779e-03
-8.080605066602956910e-03
-9.773066055338610822e-03
-1.104399842061927831e-02
-1.186318108922180051e-02
-1.221804543496399394e-02
-1.211359829215181809e-02
-1.157177211729617725e-02
-1.063024530161407917e-02
-9.340781378429727916e-03
-7.767140861889687727e-03
-5.982624891538822556e-03
-4.067316567879849555e-03
-2.105094175124865193e-03
-1.805001697651054257e-04
1.624439900435955706e-03
3.233344706344982479e-03
4.578439273179123539e-03
5.603236685492623756e-03
6.264825428789773561e-03
6.535656066794667818e-03
6.404735506311799720e-03
5.878158547957994598e-03
4.978934037603025692e-03
3.746095325242984088e-03
2.233119939434305076e-03
5.057190273379297317e-04
-1.360909362040238707e-03
-3.285240157966588630e-03
-5.182849210142611435e-03
-6.969950570435940601e-03
-8.566880252196757209e-03
-9.901369161156360968e-03
-1.091146255816882217e-02
-1.154796586991562596e-02
-1.177632499089799334e-02
-1.157788109983697196e-02
-1.095047296113130578e-02
-9.908391292251125110e-03
-8.481717956113278556e-03
-6.715105889008039786e-03
-4.666072834118098651e-03
-2.402892836614957221e-03
-2.174446972465826636e-06
2.453785386463287581e-03
4.879786337316941412e-03
7.190568898131263417e-03
9.303644247417412749e-03
1.114204178977316710e-02
1.263691028569916171e-02
1.372991045028844510e-02
1.437533712566892510e-02
1.454190837249356646e-02
1.421415826315418178e-02
1.339337123745396214e-02
1.209800009331727169e-02
1.036351834371163592e-02
8.241671690248900464e-03
5.799113078075432241e-03
3.115430841188782454e-03
2.806087194050217270e-04
-2.608011765486837902e-03
-5.449164296142503146e-03
-8.141354652820729718e-03
-1.058666627481748973e-02
-1.269450343945724077e-02
-1.438509524798821902e-02
-1.559258923687510331e-02
-1.626758085529678502e-02
-1.637895363596807499e-02
-1.591494297461355442e-02
-1.488338143338218365e-02
-1.331113207905689627e-02
-1.124276479746298164e-02
-8.738574920515081515e-03
-5.872080236845836354e-03
-2.727158492504326310e-03
6.049993341680668605e-04
4.028945444064948797e-03
7.447881297136302488e-03
1.076628028084712640e-02
1.389213077894555816e-02
1.673874693910500089e-02
1.922614056444203051e-02
2.128199211424415885e-02
2.284229770913050531e-02
2.385179869070618713e-02
2.426431787411206104e-02
2.404313037649158727e-02
2.316148621125547341e-02
2.160337734269845295e-02
1.936460540660610991e-02
1.645416065093635236e-02
1.289587146207719220e-02
8.730231254894083026e-03
4.016259859660639871e-03
-1.166785932783465530e-03
-6.718069473547679492e-03
-1.251443309281225977e-02
-1.841049351608967100e-02
-2.423979157968828013e-02
-2.981717865157772207e-02
-3.494256942067369698e-02
-3.940612234012822596e-02
-4.299482775726400779e-02
-4.550039325546791080e-02
-4.672822033070701819e-02
-4.650717117995353811e-02
-4.469973447233953345e-02
-4.121212012897355892e-02
-3.600375100111583709e-02
-2.909557933035785554e-02
-2.057664290904621940e-02
-1.060829401554153929e-02
5.744136127116056994e-04
1.266460689256887658e-02
2.528904913493114706e-02
3.801731896754335233e-02
5.037467949398004990e-02
6.185840196154536452e-02
7.195709466088093254e-02
8.017237494471923798e-02
8.604202310815352306e-02
8.916358520646920638e-02
8.921726145166485045e-02
8.598684036813662723e-02
7.937742709805206687e-02
6.942877475693919054e-02
5.632316419488735820e-02
4.038698885611693296e-02
2.208548143532175143e-02
2.010356240765784081e-03
-1.913948082024182276e-02
-4.058360456871710348e-02
-6.149118062011312696e-02
-8.101620321352868970e-02
-9.833523998408373601e-02
-1.126858301609430513e-01
-1.234035480099592574e-01
-1.299557212018430108e-01
-1.319698918704893809e-01
-1.292553263609726166e-01
-1.218162097751658290e-01
-1.098555870790978300e-01
-9.376961014404586181e-02
-7.413219015483973884e-02
-5.167070381140444896e-02
-2.723392438813651562e-02
-1.753810435616626933e-03
2.379684561749960403e-02
4.844865521644104583e-02
7.127938868857199017e-02
9.145490828327632049e-02
1.082651143161188628e-01
1.211530474299409438e-01
1.297357114642213038e-01
1.338156883879378645e-01
1.333831751863465975e-01
1.286086449795621200e-01
1.198268826996711361e-01
1.075136330982178617e-01
9.225649410037632669e-02
7.472196691662591483e-02
5.562071990282899808e-02
3.567312970664756472e-02
1.557703458474257556e-02
-4.020615662713155139e-03
-2.254687911096446562e-02
-3.951979847397373707e-02
-5.455878416468751962e-02
-6.738841812779494678e-02
-7.783612954198425304e-02
-8.582457115947139670e-02
-9.135981929533429358e-02
-9.451671405888907584e-02
-9.542274037710019030e-02
-9.424182438621943325e-02
-9.115929187762730757e-02
-8.636902105634479410e-02
-8.006354215027082499e-02
-7.242751660796759028e-02
-6.363469579802656650e-02
-5.384813999406797003e-02
-4.322319733035315942e-02
-3.191251952382784252e-02
-2.007224114823190700e-02
-7.868380414416736510e-03
4.517466629054550133e-03
1.688397466466206795e-02
2.900815741548158633e-02
4.064612138733748187e-02
5.153672589455500497e-02
6.140811198783957536e-02
6.998681151550957547e-02
7.700892180443529023e-02
8.223264739970304049e-02
8.545138025169735085e-02
8.650642156036608688e-02
8.529844532619001995e-02
8.179686399386457141e-02
7.604637459987671766e-02
6.817013010698051712e-02
5.836918290112574903e-02
4.691807169979168163e-02
3.415665453259828649e-02
2.047851434194047221e-02
6.316466518609585579e-03
-7.874132437881386365e-03
-2.163344832836096993e-02
-3.451569912650916117e-02
-4.610721925693744144e-02
-5.604315258140158545e-02
-6.402194508100526871e-02
-6.981693004494991805e-02
-7.328445801325617071e-02
-7.436821136587030978e-02
-7.309954853447558909e-02
-6.959393376976781564e-02
-6.404371345532791637e-02
-5.670768774569960591e-02
-4.789808643269066052e-02
-3.796568156274886946e-02
-2.728384962940329228e-02
-1.623242878772341788e-02
-5.182199872190439843e-03
5.519244652151368905e-03
1.555958809467658174e-02
2.467132281546541642e-02
3.263839156939576241e-02
3.929978803825174422e-02
4.455016044195606040e-02
4.833764595864876307e-02
5.065932629237889645e-02
5.155482516723085273e-02
5.109865803519393623e-02
4.939198697129498772e-02
4.655442708321997497e-02
4.271649592472007845e-02
3.801319916202894333e-02
3.257911224880842560e-02
2.654516005820672930e-02
2.003712722247034603e-02
1.317576524843120864e-02
6.078212097237628044e-03
-1.139681622895186413e-03
-8.360608163657681433e-03
-1.546316448821762578e-02
-2.231983208848958844e-02
-2.879602493666526611e-02
-3.475055092196359385e-02
-4.003769277092902867e-02
-4.451095245921088406e-02
-4.802833248486907541e-02
-5.045886300142284758e-02
-5.168994027324587404e-02
-5.163493218876438057e-02
-5.024044089012556780e-02
-4.749259755342782191e-02
-4.342180233850962551e-02
-3.810541139101361607e-02
-3.166800604589561224e-02
-2.427904674806416821e-02
-1.614790239528380786e-02
-7.516439681759865335e-03
1.350459146561043284e-03
1.017592290250152361e-02
1.868301439143342513e-02
2.660682866414045694e-02
3.370602642070030797e-02
3.977309855731916977e-02
4.464274633872702264e-02
4.819789526770216354e-02
5.037302857775950715e-02
5.115471490055901321e-02
5.057939905406675513e-02
4.872870981798020640e-02
4.572269979416238028e-02
4.171155796503939195e-02
3.686641647854969894e-02
3.136990443424477609e-02
2.540708209884553689e-02
1.915732224157169067e-02
1.278759810217442242e-02
6.447499912992015088e-03
2.661460688956332130e-04
-5.649005767843931144e-03
-1.121159492634616998e-02
-1.635432096158913329e-02
-2.102581557797891451e-02
-2.518686976705953456e-02
-2.880648647443901852e-02
-3.185821167840179741e-02
-3.431714131817191482e-02
-3.615791427510679085e-02
-3.735389118055043589e-02
-3.787759535856891069e-02
-3.770236652637797004e-02
-3.680506052136433420e-02
-3.516952872969562188e-02
-3.279053663807019597e-02
-2.967773721252576352e-02
-2.585930412359579295e-02
-2.138485191047313771e-02
-1.632732211964619054e-02
-1.078359112901883417e-02
-4.873649922089847049e-03
1.261689423414146926e-03
7.464499638984591241e-03
1.356469592947883059e-02
1.938599852801257267e-02
2.475258622576897299e-02
2.949608303123352898e-02
3.346250126536882974e-02
3.651877062308150207e-02
3.855851218474021236e-02
3.950676564910719085e-02
3.932344261467227153e-02
3.800535326855881274e-02
3.558673280074722139e-02
3.213827188451202910e-02
2.776472786987825223e-02
2.260125603185309667e-02
1.680865049935054839e-02
1.056772075322685855e-02
4.073051387020562575e-03
-2.473599199995774652e-03
-8.870009859205666564e-03
-1.492008072834172423e-02
-2.044007573404444181e-02
-2.526433644492652453e-02
-2.925031028533057326e-02
-3.228276693372005707e-02
-3.427710669196481347e-02
-3.518169275891238484e-02
-3.497916528376773110e-02
-3.368671892944075791e-02
-3.135534794700631928e-02
-2.806808418067702551e-02
-2.393727476772756005e-02
-1.910096822029699187e-02
-1.371850044091793563e-02
-7.965395991272444451e-03
-2.027724091656139555e-03
3.903927616914337935e-03
9.640676987634926032e-03
1.500156663779251762e-02
1.981956415560844759e-02
2.394712426078965048e-02
2.726109852161861385e-02
2.966679314065878009e-02
3.110100109654174300e-02
3.153387134968359262e-02
3.096952382521562380e-02
2.944537257548045586e-02
2.703017822865898256e-02
2.382091126385792179e-02
1.993856613028489183e-02
1.552311893069152453e-02
1.072786466522867958e-02
5.713400700147069217e-03
6.415387592560649029e-04
-4.330573102843886073e-03
-9.055854681485122140e-03
-1.340199349722895512e-02
-1.725525697215721938e-02
-2.052329101663933827e-02
-2.313684300422460399e-02
-2.505041273225836265e-02
-2.624189754780489187e-02
-2.671135278861498305e-02
-2.647903207505796636e-02
-2.558290076540525870e-02
-2.407582824536364657e-02
-2.202266024313734652e-02
-1.949735206281178607e-02
-1.658030989396590965e-02
-1.335604372919200339e-02
-9.911186301113730085e-03
-6.332882692349222839e-03
-2.707509746072951119e-03
8.803524569601322127e-04
4.348799414695939461e-03
7.619443697810702500e-03
1.061832601253812416e-02
1.327698234996700817e-02
1.553372064066549027e-02
1.733511799556510663e-02
1.863770253869804355e-02
1.940973712076003027e-02
1.963298104769028649e-02
1.930427516692420631e-02
1.843677914384753494e-02
1.706069015975619427e-02
1.522329061466527397e-02
1.298820803797788408e-02
1.043382089771561355e-02
7.650805421955049132e-03
4.738885769998134670e-03
1.802917033481747991e-03
-1.051508486210103472e-03
-3.722692230589679397e-03
-6.117425790081611366e-03
-8.155268946346347012e-03
-9.772235497676366039e-03
-1.092364483180896691e-02
-1.158594879951590877e-02
-1.175741094793868700e-02
-1.145759329272988923e-02
-1.072568825521307348e-02
-9.617813448422791317e-03
-8.203458116904012790e-03
-6.561326426835602590e-03
-4.774859943568653987e-03
-2.927736671580141985e-03
-1.099636031290806724e-03
6.374708435495932482e-04
2.222295166505993888e-03
3.606322224699340644e-03
4.754946609029435736e-03
5.647651921650186785e-03
6.277307319046940108e-03
6.648715046027941361e-03
6.776590514657883021e-03
6.683186106829805233e-03
6.395780051531874469e-03
5.944242565523081244e-03
5.358864790334603827e-03
4.668595242483265448e-03
3.899777977923275015e-03
3.075431584522853295e-03
2.215053747809967843e-03
1.334887433880901138e-03
4.485458549705434277e-04
-4.321326660504780652e-04
-1.296140410235381134e-03
-2.132404014712580616e-03
-2.929057335784584267e-03
-3.672977204301158469e-03
-4.349641019611005972e-03
-4.943326638514523863e-03
-5.437636869643224652e-03
-5.816296787863771932e-03
-6.064145099769139083e-03
-6.168223071523829849e-03
-6.118857157183620402e-03
-5.910634415359568468e-03
-5.543182023775718170e-03
-5.021681799135794926e-03
-4.357075123548778163e-03
-3.565940309632420480e-03
-2.670050481878657837e-03
-1.695643115250618444e-03
-6.724506147655162722e-04
3.674463859754269180e-04
1.390875341735814310e-03
2.364870004787274563e-03
3.257947684253743263e-03
4.041311115495186887e-03
4.689930802257834090e-03
5.183474314095215529e-03
5.507058625171644926e-03
5.651809254492468591e-03
5.615215318711335758e-03
5.401272786045431366e-03
5.020409856718022028e-03
4.489189480126480440e-03
3.829785713426876216e-03
3.069234056204402789e-03
2.238461942355542741e-03
1.371114690252712293e-03
5.022043143295205469e-04
-3.333770051578079812e-04
-1.102421569575795079e-03
-1.774976948695555648e-03
-2.325838823856448984e-03
-2.735874347853895980e-03
-2.993083438727643306e-03
-3.093312071276050138e-03
-3.040546539967253076e-03
-2.846740564664271451e-03
-2.531156816259370109e-03
-2.119238913988638097e-03
-1.641066439871137180e-03
-1.129480806244022697e-03
-6.180005131904824653e-04
-1.386672385430651893e-04
2.800233625559909382e-04
6.149521461163743067e-04
8.498271959078318883e-04
9.761392620523074793e-04
9.935428897793483274e-04
9.096287862241636806e-04
7.391019473331184551e-04
5.024291587550902202e-04
2.240642503990830615e-04
-6.960425662835057522e-05
-3.524142208824248223e-04
-6.005209971098608279e-04
-7.942457671962533132e-04
-9.195294237041835936e-04
-9.688750970609314589e-04
-9.417077007071661876e-04
-8.441305957176759370e-04
-6.881129091258615616e-04
-4.901912391399055333e-04
-2.698117819823471031e-04
-4.746938546325108279e-05
1.571841440854506746e-04
3.270904051341174843e-04
4.492375657482510442e-04
5.156909830078291795e-04
5.241177548875555108e-04
4.777707251372902489e-04
3.849489665715406621e-04
2.580007762589566736e-04
1.119770526358179204e-04
-3.692634345638179594e-05
-1.729818237038021093e-04
-2.824419963472344546e-04
-3.548071147890956615e-04
-3.837322606160906840e-04
-3.674965590868471102e-04
-3.090015928004188244e-04
-2.153132794762946357e-04
-9.680611441787690080e-05
3.399353038866070984e-05
1.637410335899689578e-04
2.796457182135956079e-04
3.707430620596667971e-04
4.289420675136903583e-04
4.497488451473694916e-04
4.326027304756072784e-04
3.808021135274471179e-04
3.010393619698361733e-04
2.026034504143705531e-04
9.634124570194834802e-05
-6.509306822371385889e-06
-9.549065860908356621e-05
-1.619810503890786312e-04
-2.000281029509185589e-04
-2.068804372658430524e-04
-1.831703749726525338e-04
-1.327380722194835422e-04
-6.212488568094797826e-05
2.020251614913792676e-05
1.048092136221763233e-04
1.823253667253119830e-04
2.444453894088658655e-04
2.847886512450950266e-04
2.995342604782777907e-04
2.877681347232750029e-04
2.515121451937396405e-04
1.954392097782768861e-04
1.263111954344857781e-04
5.220494131970454695e-05
-1.838726016102398874e-05
-7.748484647155607567e-05
-1.184749270713449890e-04
-1.368074739422891074e-04
-1.304588842384699781e-04
-1.001187841554305227e-04
-4.908496417474062358e-05
1.711759946487933961e-05
9.134885658695912625e-05
1.656285492688966898e-04
2.319894675933089798e-04
2.833178998267537967e-04
3.140929610070490857e-04
3.209485967159198309e-04
3.030019683481821927e-04
2.619174024539248067e-04
2.017033551108280483e-04
1.282678847818576940e-04
4.878300376620980732e-05
-2.907256532583701807e-05
-9.791117325082510884e-05
-1.513906847150821040e-04
-1.848477031946504858e-04
-1.957457653845775657e-04
-1.838951743547232592e-04
-1.514257833281966675e-04
-1.025201829988384687e-04
-4.293961591875916769e-05
2.060404141812099919e-05
8.116185431646894487e-05
1.322709993731763147e-04
1.686120697700870376e-04
1.865334490824004283e-04
1.843909265633953873e-04
1.626710826293340678e-04
1.238902073888610296e-04
7.228413243760378575e-05
1.332587133363016864e-05
-4.687483720908502971e-05
-1.022248229388376148e-04
-1.472842659231261516e-04
-1.778208882031755340e-04
-1.912256047953846442e-04
-1.867494573309667135e-04
-1.655412915872087574e-04
-1.304869909796258030e-04
-8.587185524040919112e-05
-3.690573961681043038e-05
1.083599539452606518e-05
5.199514619787670727e-05
8.197540468663611730e-05
9.739320239230675187e-05
9.639003882801677400e-05
7.877747173438454131e-05
4.600441627244844560e-05
9.555146050570507791e-07
-5.239295404754784770e-05
-1.094187075884534081e-04
-1.653500129484797255e-04
-2.157584862026755629e-04
-2.569954052803815627e-04
-2.865263725324007616e-04
-3.031314400992162340e-04
-3.069533662344614859e-04
-2.993937563422868265e-04
-2.828735766997398835e-04
-2.604891013359234096e-04
-2.356052176078069415e-04
-2.114340543043517957e-04
-1.906475283357769084e-04
-1.750676472521239910e-04
-1.654688542485494159e-04
-1.615134710736092487e-04
-1.618258792014422168e-04
-1.641951975974675860e-04
-1.658816160299343592e-04
-1.639898200691023518e-04
-1.558653660405040454e-04
-1.394672407658710241e-04
-1.136724394409194223e-04
-7.847591630217642456e-05
-3.506087677248093180e-05
1.427118253063675002e-05
6.630558856285074197e-05
1.172344227720012547e-04
1.630577919718159078e-04
2.000233586474906586e-04
2.250560333403382024e-04
2.361298706474479513e-04
2.325395278573760859e-04
2.150386167950411181e-04
1.858258881603385186e-04
1.483760303172454355e-04
1.071282974744400816e-04
6.706149176432952132e-05
3.319640323314665328e-05
1.007532745717565418e-05
1.271809023998038441e-06
8.981882745861646716e-06
3.374093471548978134e-05
7.429855063117508148e-05
